3618 28944.000000 
3472 27776.000000 
5205 41640.000000 
5279 42232.000000 
4800 38400.000000 
5076 40608.000000 
1297 10376.000000 
1622 12976.000000 
2527 20216.000000 
2287 18296.000000 
848 6784.000000 
913 7304.000000 
1195 9560.000000 
1464 11712.000000 
2115 16920.000000 
2629 21032.000000 
420 3360.000000 
495 3960.000000 
2969 23752.000000 
2344 18752.000000 
752 6016.000000 
960 7680.000000 
950 7600.000000 
943 7544.000000 
757 6056.000000 
699 5592.000000 
552 4416.000000 
894 7152.000000 
614 4912.000000 
676 5408.000000 
251 2008.000000 
280 2240.000000 
2209 17672.000000 
1989 15912.000000 
1513 12104.000000 
1438 11504.000000 
2086 16688.000000 
2542 20336.000000 
565 4520.000000 
499 3992.000000 
1156 9248.000000 
1178 9424.000000 
1220 9760.000000 
1359 10872.000000 
289 2312.000000 
385 3080.000000 
2253 18024.000000 
1976 15808.000000 
1729 13832.000000 
1667 13336.000000 
2357 18856.000000 
2520 20160.000000 
1695 13560.000000 
1659 13272.000000 
3473 27784.000000 
2240 17920.000000 
1112 8896.000000 
1018 8144.000000 
2771 22168.000000 
2819 22552.000000 
3943 31544.000000 
4043 32344.000000 
2312 18496.000000 
2408 19264.000000 
2545 20360.000000 
1465 11720.000000 
1374 10992.000000 
2137 17096.000000 
1267 10136.000000 
1801 14408.000000 
3668 29344.000000 
3578 28624.000000 
1322 10576.000000 
957 7656.000000 
1236 9888.000000 
1121 8968.000000 
1175 9400.000000 
1271 10168.000000 
397 3176.000000 
358 2864.000000 
1060 8480.000000 
1050 8400.000000 
329 2632.000000 
373 2984.000000 
2413 19304.000000 
3289 26312.000000 
1466 11728.000000 
1490 11920.000000 
4891 39128.000000 
4450 35600.000000 
882 7056.000000 
1296 10368.000000 
3308 26464.000000 
3650 29200.000000 
