10966800  
7608188  
16206023  
16262408  
15221981  
13919799  
3930853  
4551069  
7494166  
5569196  
3061829  
2570452  
4260607  
4950013  
7132929  
8719271  
1054703  
1194763  
10425606  
8595258  
2628955  
3511383  
1879240  
2078601  
1237432  
1363353  
1691314  
1953598  
1991296  
1725554  
802488  
424644  
7019979  
6950435  
5343542  
5558694  
7528504  
9018882  
2016936  
1582720  
3691618  
3648174  
3427400  
4322642  
915797  
1069963  
7289622  
7427919  
5964728  
6090753  
6890530  
7757290  
5455375  
5722769  
11753308  
7056740  
3972967  
3700832  
7666400  
8947179  
11449636  
10301140  
6927893  
6756796  
9238669  
5482130  
4754830  
6565746  
4658519  
6269692  
12181267  
13263282  
3098569  
2945143  
2635919  
3597158  
4080581  
4706866  
1058433  
872880  
4595630  
4739409  
975649  
1016294  
9018849  
10436254  
3264756  
3530723  
16498476  
15636330  
2447436  
2761838  
10534622  
10091916  
