3624 28992.000000 
3483 27864.000000 
5270 42160.000000 
5254 42032.000000 
4804 38432.000000 
5113 40904.000000 
1319 10552.000000 
1701 13608.000000 
2498 19984.000000 
2154 17232.000000 
876 7008.000000 
988 7904.000000 
1177 9416.000000 
1464 11712.000000 
2029 16232.000000 
2264 18112.000000 
370 2960.000000 
380 3040.000000 
2964 23712.000000 
2484 19872.000000 
841 6728.000000 
911 7288.000000 
1004 8032.000000 
796 6368.000000 
701 5608.000000 
809 6472.000000 
591 4728.000000 
730 5840.000000 
696 5568.000000 
647 5176.000000 
315 2520.000000 
280 2240.000000 
2253 18024.000000 
2129 17032.000000 
1538 12304.000000 
1550 12400.000000 
1927 15416.000000 
2505 20040.000000 
582 4656.000000 
519 4152.000000 
1153 9224.000000 
1125 9000.000000 
1207 9656.000000 
1445 11560.000000 
304 2432.000000 
311 2488.000000 
2290 18320.000000 
1966 15728.000000 
1633 13064.000000 
1620 12960.000000 
2394 19152.000000 
2583 20664.000000 
1718 13744.000000 
1655 13240.000000 
3464 27712.000000 
2186 17488.000000 
1104 8832.000000 
1048 8384.000000 
2696 21568.000000 
2878 23024.000000 
3966 31728.000000 
3997 31976.000000 
2262 18096.000000 
2282 18256.000000 
2519 20152.000000 
1459 11672.000000 
1408 11264.000000 
2048 16384.000000 
1378 11024.000000 
1910 15280.000000 
3535 28280.000000 
3424 27392.000000 
1403 11224.000000 
921 7368.000000 
1198 9584.000000 
1133 9064.000000 
1044 8352.000000 
1187 9496.000000 
350 2800.000000 
335 2680.000000 
1206 9648.000000 
1088 8704.000000 
361 2888.000000 
385 3080.000000 
2481 19848.000000 
3098 24784.000000 
1351 10808.000000 
1517 12136.000000 
4842 38736.000000 
4353 34824.000000 
970 7760.000000 
1404 11232.000000 
3324 26592.000000 
3619 28952.000000 
