10029010 
9567402 
14345542 
14666385 
13726440 
14556491 
4070420 
4855998 
8309629 
6869615 
3412607 
3225286 
4279604 
5197281 
6048160 
8592433 
1191209 
1304188 
8388457 
7913735 
2756927 
3545006 
2486119 
2505470 
1408548 
1474018 
1527587 
1876431 
2338682 
2094045 
861843 
609119 
7437285 
7102839 
5646320 
5607684 
7100203 
8838820 
2037793 
1572826 
3436210 
3954947 
3199689 
4329844 
1019179 
1167394 
7247327 
7132141 
6081742 
6090320 
6754118 
7418593 
5842129 
5886012 
12099289 
8065808 
4097031 
3986392 
7552408 
8697303 
11436749 
10658274 
5939706 
5716560 
8671430 
4244130 
4656214 
5688472 
4178319 
6044349 
11677681 
11760680 
3326926 
2757000 
2536556 
2645428 
4354497 
4658250 
975505 
879720 
4489525 
4472890 
981139 
1076749 
8519938 
9732200 
3116950 
3848281 
15381727 
14774349 
2012786 
3601345 
9914893 
9871503 
