3928 31424.000000 
4025 32200.000000 
5405 43240.000000 
6013 48104.000000 
5133 41064.000000 
5784 46272.000000 
1429 11432.000000 
1763 14104.000000 
2793 22344.000000 
2493 19944.000000 
1000 8000.000000 
1110 8880.000000 
1327 10616.000000 
1680 13440.000000 
2440 19520.000000 
2653 21224.000000 
427 3416.000000 
442 3536.000000 
3430 27440.000000 
2587 20696.000000 
895 7160.000000 
1072 8576.000000 
1015 8120.000000 
1008 8064.000000 
689 5512.000000 
871 6968.000000 
670 5360.000000 
877 7016.000000 
755 6040.000000 
788 6304.000000 
329 2632.000000 
289 2312.000000 
2422 19376.000000 
2323 18584.000000 
1794 14352.000000 
1692 13536.000000 
2282 18256.000000 
2616 20928.000000 
656 5248.000000 
498 3984.000000 
1307 10456.000000 
1269 10152.000000 
1341 10728.000000 
1652 13216.000000 
314 2512.000000 
406 3248.000000 
2380 19040.000000 
2230 17840.000000 
1699 13592.000000 
1852 14816.000000 
2455 19640.000000 
2837 22696.000000 
1635 13080.000000 
1880 15040.000000 
3838 30704.000000 
2549 20392.000000 
1239 9912.000000 
1248 9984.000000 
3088 24704.000000 
3262 26096.000000 
4391 35128.000000 
4455 35640.000000 
2306 18448.000000 
2696 21568.000000 
2860 22880.000000 
1690 13520.000000 
1534 12272.000000 
2392 19136.000000 
1491 11928.000000 
2151 17208.000000 
4131 33048.000000 
3991 31928.000000 
1637 13096.000000 
1090 8720.000000 
1128 9024.000000 
1281 10248.000000 
1227 9816.000000 
1346 10768.000000 
383 3064.000000 
391 3128.000000 
1134 9072.000000 
1209 9672.000000 
365 2920.000000 
424 3392.000000 
2775 22200.000000 
3572 28576.000000 
1695 13560.000000 
1769 14152.000000 
5502 44016.000000 
4990 39920.000000 
1015 8120.000000 
1506 12048.000000 
3712 29696.000000 
4070 32560.000000 
