10377619  
9866963  
15757546  
16605214  
14339746  
14434958  
3855505  
4963272  
8095608  
5971674  
3194813  
2573835  
4027106  
5341351  
7349403  
8252102  
1238279  
1253264  
9542891  
7546482  
2844859  
3540304  
2775048  
2606047  
1563271  
1880865  
2028979  
2432969  
2353850  
2030339  
675211  
303222  
7393958  
7231027  
5215103  
5495140  
7649337  
8593193  
1922108  
1428147  
3689391  
4006962  
3288407  
4049712  
1044960  
1168995  
8302125  
7516776  
5685215  
6255337  
6840748  
7115164  
5384956  
6074972  
11585840  
8105013  
4191697  
3943834  
7597057  
8002390  
12733062  
12200012  
6539690  
6302187  
9043370  
4986317  
4993668  
6869375  
4407649  
5808615  
11631184  
11864306  
3746038  
2845462  
3085425  
3078070  
4045517  
4476885  
872217  
892947  
4848106  
4576826  
999681  
1084781  
9523059  
11547451  
4037583  
4114694  
17249718  
15463079  
2746578  
3928949  
10337362  
10203052  
