3465 27720.000000 
3388 27104.000000 
4817 38536.000000 
5131 41048.000000 
4464 35712.000000 
4846 38768.000000 
1193 9544.000000 
1556 12448.000000 
2359 18872.000000 
2121 16968.000000 
837 6696.000000 
929 7432.000000 
1014 8112.000000 
1450 11600.000000 
2020 16160.000000 
2152 17216.000000 
357 2856.000000 
408 3264.000000 
2841 22728.000000 
2040 16320.000000 
789 6312.000000 
979 7832.000000 
911 7288.000000 
898 7184.000000 
695 5560.000000 
723 5784.000000 
594 4752.000000 
741 5928.000000 
668 5344.000000 
721 5768.000000 
313 2504.000000 
228 1824.000000 
2032 16256.000000 
1880 15040.000000 
1516 12128.000000 
1404 11232.000000 
1910 15280.000000 
2281 18248.000000 
570 4560.000000 
496 3968.000000 
1109 8872.000000 
1105 8840.000000 
1168 9344.000000 
1307 10456.000000 
321 2568.000000 
356 2848.000000 
2215 17720.000000 
1856 14848.000000 
1605 12840.000000 
1544 12352.000000 
2050 16400.000000 
2367 18936.000000 
1529 12232.000000 
1636 13088.000000 
3196 25568.000000 
2053 16424.000000 
1018 8144.000000 
1123 8984.000000 
2519 20152.000000 
2716 21728.000000 
3683 29464.000000 
3656 29248.000000 
2095 16760.000000 
2211 17688.000000 
2528 20224.000000 
1334 10672.000000 
1291 10328.000000 
2047 16376.000000 
1224 9792.000000 
1828 14624.000000 
3324 26592.000000 
3184 25472.000000 
1331 10648.000000 
805 6440.000000 
1098 8784.000000 
1066 8528.000000 
1042 8336.000000 
1137 9096.000000 
364 2912.000000 
316 2528.000000 
1057 8456.000000 
1024 8192.000000 
301 2408.000000 
325 2600.000000 
2258 18064.000000 
3170 25360.000000 
1322 10576.000000 
1431 11448.000000 
4468 35744.000000 
4343 34744.000000 
915 7320.000000 
1284 10272.000000 
3179 25432.000000 
3436 27488.000000 
