10687367 
10178132 
16944527 
17981887 
15088661 
16496606 
3960503 
5280129 
8147693 
6895160 
3078179 
2991467 
4076279 
5591541 
7506829 
8562525 
1323226 
1372066 
10932936 
8606539 
2834796 
3532273 
3053872 
2661394 
1736711 
1955320 
1651277 
2369832 
2448854 
2101578 
687087 
613005 
7271939 
7571128 
6069031 
5836360 
8122203 
9180148 
2155328 
1622213 
4060072 
4434494 
3612566 
4181443 
999319 
1175972 
8684625 
8057291 
6094210 
6167371 
7165611 
8043520 
5863661 
6091871 
11514758 
8072369 
3960103 
3871337 
8170229 
8666804 
12684219 
12143684 
7227266 
7009715 
9451001 
5945296 
5183586 
7766193 
4729430 
6989517 
13039828 
13745931 
4003347 
3108965 
3375472 
3606567 
4504910 
5043458 
1061833 
1010110 
4856695 
4691025 
998419 
1075568 
9133529 
12007675 
3334483 
3761380 
16843885 
15719872 
1965298 
2557071 
9935626 
10813278 
