3674 29392.000000 
3625 29000.000000 
5550 44400.000000 
5558 44464.000000 
5003 40024.000000 
5483 43864.000000 
1377 11016.000000 
1767 14136.000000 
2463 19704.000000 
2388 19104.000000 
1020 8160.000000 
1176 9408.000000 
1220 9760.000000 
1463 11704.000000 
2082 16656.000000 
2652 21216.000000 
401 3208.000000 
470 3760.000000 
3071 24568.000000 
2512 20096.000000 
814 6512.000000 
963 7704.000000 
937 7496.000000 
946 7568.000000 
728 5824.000000 
772 6176.000000 
540 4320.000000 
723 5784.000000 
748 5984.000000 
776 6208.000000 
274 2192.000000 
215 1720.000000 
2331 18648.000000 
2185 17480.000000 
1515 12120.000000 
1649 13192.000000 
1998 15984.000000 
2548 20384.000000 
514 4112.000000 
520 4160.000000 
1186 9488.000000 
1266 10128.000000 
1310 10480.000000 
1420 11360.000000 
254 2032.000000 
306 2448.000000 
2510 20080.000000 
2078 16624.000000 
1715 13720.000000 
1843 14744.000000 
2389 19112.000000 
2609 20872.000000 
1725 13800.000000 
1587 12696.000000 
3536 28288.000000 
2345 18760.000000 
1237 9896.000000 
1103 8824.000000 
2762 22096.000000 
2906 23248.000000 
4059 32472.000000 
4130 33040.000000 
2269 18152.000000 
2374 18992.000000 
2717 21736.000000 
1497 11976.000000 
1482 11856.000000 
2260 18080.000000 
1345 10760.000000 
2037 16296.000000 
3666 29328.000000 
3739 29912.000000 
1465 11720.000000 
1061 8488.000000 
1244 9952.000000 
1203 9624.000000 
1181 9448.000000 
1336 10688.000000 
394 3152.000000 
341 2728.000000 
1129 9032.000000 
1127 9016.000000 
394 3152.000000 
418 3344.000000 
2679 21432.000000 
3139 25112.000000 
1551 12408.000000 
1680 13440.000000 
4973 39784.000000 
4467 35736.000000 
1052 8416.000000 
1532 12256.000000 
3473 27784.000000 
3717 29736.000000 
