11798647 
9995560 
16318562 
16112929 
13299905 
12821532 
4287302 
4762230 
8293835 
5710949 
3369923 
3018002 
4209445 
5582641 
7582486 
9101922 
1176494 
1263999 
10732865 
8627477 
2901662 
3541797 
2492836 
2163959 
1454816 
1329954 
1699039 
1863042 
2522941 
2037021 
794391 
598550 
7371793 
6765325 
5405219 
5338322 
7746932 
9191657 
1931228 
1534293 
3576365 
3560822 
3164411 
4211001 
946592 
1185043 
8314999 
7949125 
6148414 
6155163 
7069036 
7655192 
5305437 
5319879 
11158865 
6964595 
3804841 
3668137 
7357588 
8165837 
13123086 
11614846 
6063869 
5333274 
8876930 
5555381 
4924717 
6850330 
4509910 
5758798 
11962221 
12740125 
3973506 
3407653 
2437203 
3316161 
4216615 
4648679 
1014852 
782144 
4430730 
4517691 
932393 
1076259 
8678946 
10889503 
3970034 
3729677 
16992992 
15140951 
2674366 
3732039 
10152079 
8732410 
