3685 29480.000000 
3618 28944.000000 
5320 42560.000000 
5570 44560.000000 
4662 37296.000000 
5279 42232.000000 
1236 9888.000000 
1659 13272.000000 
2697 21576.000000 
2277 18216.000000 
914 7312.000000 
952 7616.000000 
1215 9720.000000 
1591 12728.000000 
2090 16720.000000 
2523 20184.000000 
456 3648.000000 
412 3296.000000 
3019 24152.000000 
2392 19136.000000 
876 7008.000000 
888 7104.000000 
1020 8160.000000 
861 6888.000000 
740 5920.000000 
792 6336.000000 
673 5384.000000 
925 7400.000000 
699 5592.000000 
700 5600.000000 
278 2224.000000 
280 2240.000000 
2048 16384.000000 
2137 17096.000000 
1588 12704.000000 
1417 11336.000000 
1975 15800.000000 
2584 20672.000000 
550 4400.000000 
498 3984.000000 
1133 9064.000000 
1130 9040.000000 
1232 9856.000000 
1409 11272.000000 
270 2160.000000 
349 2792.000000 
2335 18680.000000 
2049 16392.000000 
1603 12824.000000 
1717 13736.000000 
2358 18864.000000 
2580 20640.000000 
1776 14208.000000 
1506 12048.000000 
3382 27056.000000 
2347 18776.000000 
1231 9848.000000 
1154 9232.000000 
2613 20904.000000 
2900 23200.000000 
4076 32608.000000 
4083 32664.000000 
2361 18888.000000 
2337 18696.000000 
2615 20920.000000 
1487 11896.000000 
1384 11072.000000 
2000 16000.000000 
1277 10216.000000 
1992 15936.000000 
3574 28592.000000 
3640 29120.000000 
1375 11000.000000 
1028 8224.000000 
1185 9480.000000 
1234 9872.000000 
1153 9224.000000 
1061 8488.000000 
419 3352.000000 
445 3560.000000 
1178 9424.000000 
1190 9520.000000 
374 2992.000000 
415 3320.000000 
2472 19776.000000 
3269 26152.000000 
1534 12272.000000 
1543 12344.000000 
4898 39184.000000 
4512 36096.000000 
976 7808.000000 
1351 10808.000000 
3593 28744.000000 
3614 28912.000000 
