10398538  
9246269  
15708299  
15666068  
14393038  
14138492  
4304837  
5290726  
7784857  
6449042  
3325567  
3132574  
4467752  
5947665  
6576272  
8827763  
1174618  
1276997  
9175506  
8016282  
2794122  
3560872  
2796917  
2509063  
1484810  
1475818  
1710328  
1730097  
2472165  
1970220  
808176  
644888  
7722799  
7504416  
5098526  
4960826  
7275749  
9619263  
1964768  
1632464  
4109021  
4481319  
3729823  
3981459  
1005586  
1178714  
7652316  
7808286  
5264653  
6219350  
6705933  
7155246  
5180420  
6007842  
12023276  
7794323  
3507675  
3128813  
7334646  
8528352  
11862416  
10866126  
6846400  
6496392  
9082769  
5420382  
4838296  
7192947  
4352050  
6752078  
11597640  
12793903  
3023700  
2915516  
1855776  
2010063  
4099054  
4850462  
1231868  
1115559  
4311681  
4351596  
1002149  
1100464  
9407529  
11348068  
3864930  
3709641  
17054864  
15321522  
2659428  
3736468  
9387413  
9854565  
