3766 30128.000000 
3784 30272.000000 
5247 41976.000000 
5726 45808.000000 
5064 40512.000000 
5285 42280.000000 
1322 10576.000000 
1696 13568.000000 
2609 20872.000000 
2384 19072.000000 
938 7504.000000 
982 7856.000000 
1270 10160.000000 
1526 12208.000000 
2460 19680.000000 
2347 18776.000000 
438 3504.000000 
446 3568.000000 
3314 26512.000000 
2207 17656.000000 
812 6496.000000 
1088 8704.000000 
946 7568.000000 
931 7448.000000 
754 6032.000000 
811 6488.000000 
642 5136.000000 
877 7016.000000 
700 5600.000000 
781 6248.000000 
272 2176.000000 
280 2240.000000 
2165 17320.000000 
2131 17048.000000 
1748 13984.000000 
1518 12144.000000 
2241 17928.000000 
2396 19168.000000 
626 5008.000000 
480 3840.000000 
1236 9888.000000 
1230 9840.000000 
1309 10472.000000 
1369 10952.000000 
339 2712.000000 
334 2672.000000 
2527 20216.000000 
2055 16440.000000 
1715 13720.000000 
1633 13064.000000 
2358 18864.000000 
2537 20296.000000 
1711 13688.000000 
1829 14632.000000 
3601 28808.000000 
2334 18672.000000 
1251 10008.000000 
1162 9296.000000 
2695 21560.000000 
3083 24664.000000 
4141 33128.000000 
4246 33968.000000 
2240 17920.000000 
2532 20256.000000 
2698 21584.000000 
1595 12760.000000 
1517 12136.000000 
2169 17352.000000 
1374 10992.000000 
2026 16208.000000 
3951 31608.000000 
3483 27864.000000 
1517 12136.000000 
933 7464.000000 
1080 8640.000000 
1185 9480.000000 
1311 10488.000000 
1339 10712.000000 
413 3304.000000 
324 2592.000000 
1135 9080.000000 
1070 8560.000000 
317 2536.000000 
384 3072.000000 
2542 20336.000000 
3243 25944.000000 
1589 12712.000000 
1618 12944.000000 
5083 40664.000000 
4614 36912.000000 
1019 8152.000000 
1457 11656.000000 
3547 28376.000000 
3756 30048.000000 
