13145863  
10274154  
16466859  
17081722  
16047650  
13832979  
4144984  
4543567  
8322682  
5856283  
3123257  
2598082  
4102181  
4845148  
6902061  
8808517  
1032638  
1163528  
9799408  
7700227  
2566326  
3150054  
2313316  
2167774  
1373941  
1637623  
1719440  
2177893  
1908047  
1512678  
737158  
428157  
7382741  
6930718  
5385834  
5247739  
7533183  
9378937  
2038698  
1617885  
3402647  
3927800  
3324352  
4378557  
875051  
1044052  
8061831  
7810102  
5381282  
5994349  
7172813  
8423797  
4980405  
5873509  
10890900  
7555625  
3790102  
3631957  
7499873  
7892802  
13509768  
11181686  
6954885  
6022555  
9097161  
5686553  
5137519  
7139712  
4541130  
6628195  
12376108  
12604585  
3851121  
3039646  
3560491  
4012713  
3936865  
4796674  
1015913  
818981  
4447503  
4539772  
1028988  
1052209  
9335928  
10344444  
3075206  
2606820  
16306748  
14630105  
1731337  
2407121  
9649513  
9521774  
